0	-72.2876
0.0153	-70.4543
0.046	-69.2809
0.0767	-71.1132
0.1074	-72.9456
0.138	-74.778
0.1687	-76.6104
0.1994	-77.3431
0.2301	-75.5098
0.2607	-71.8437
0.2914	-69.2773
0.3221	-69.4137
0.3528	-69.7218
0.3834	-70.0727
0.4141	-70.4
0.4448	-70.5947
0.4755	-70.1402
0.5061	-68.7609
0.5368	-68.38
0.5675	-68.3227
0.5982	-68.4849
0.6288	-69.0959
0.6595	-70.5182
0.6902	-70.876
0.7209	-71.014
0.7515	-71.1176
0.7822	-71.2468
0.8129	-71.4353
0.8436	-71.7114
0.8742	-72.1147
0.9049	-72.714
0.9356	-73.5756
0.9663	-74.4276
0.9969	-74.3256
1.0276	-70.9582
1.0583	-65.6736
1.089	-58.3418
1.1196	-59.5877
1.1503	-63.2529
1.181	-66.8449
1.2117	-66.5147
1.2423	-65.5976
1.273	-66.1756
1.3037	-67.9473
1.3344	-70.0803
1.365	-72.1608
1.3957	-74.1609
1.4264	-74.6572
1.4571	-70.8606
1.4877	-66.4005
1.5184	-63.4777
1.5491	-62.1318
1.5798	-61.4543
1.6104	-61.5675
1.6411	-62.2604
1.6718	-63.2453
1.7025	-64.3721
1.7331	-65.9959
1.7638	-67.4785
1.7945	-68.6687
1.8252	-70.5011
1.8558	-73.2625
1.8865	-75.9987
1.9172	-76.6785
1.9479	-73.4318
1.9785	-67.9329
2.0092	-64.2667
2.0399	-62.6857
2.0706	-62.4913
2.1012	-63.1919
2.1319	-64.4728
2.1626	-67.417
2.1933	-71.0822
2.2239	-74.7474
2.2546	-78.0949
2.2853	-84.6439
2.316	-88.3092
2.3466	-88.0888
2.3773	-86.2555
2.408	-85.0247
2.4387	-83.642
2.4693	-81.7253
2.5	-79.9254
2.5307	-78.1154
2.5613	-76.2821
2.592	-74.4488
2.6227	-73.2368
2.6534	-74.8145
2.684	-78.7937
2.7147	-82.2183
2.7454	-82.7078
2.7761	-81.532
2.8067	-80.3108
2.8374	-79.2051
2.8681	-78.5503
2.8988	-78.1036
2.9294	-77.7198
2.9601	-77.3457
2.9908	-76.9356
3.0215	-76.373
3.0521	-75.1752
3.0828	-73.6537
3.1135	-73.3414
3.1442	-73.4036
3.1748	-73.5825
3.2055	-73.8001
3.2362	-74.0204
3.2669	-74.2175
3.2975	-74.3651
3.3282	-74.4366
3.3589	-74.4246
3.3896	-74.3278
3.4202	-74.1445
3.4509	-73.8727
3.4816	-73.5106
3.5123	-73.0783
3.5429	-72.6382
3.5736	-72.2511
3.6043	-71.9413
3.635	-71.7028
3.6656	-71.5179
3.6963	-71.38
3.727	-71.2919
3.7577	-71.2676
3.7883	-71.3521
3.819	-71.7376
3.8497	-73.1107
3.8804	-74.1367
3.911	-74.9427
3.9417	-75.8472
3.9724	-76.7746
4.0031	-77.6192
4.0337	-78.6065
4.0644	-79.9135
4.0951	-80.0342
4.1258	-78.8251
4.1564	-76.9918
4.1871	-73.3257
4.2178	-71.4924
4.2485	-70.4478
4.2791	-69.6948
4.3098	-69.696
4.3405	-73.1768
4.3712	-72.5321
4.4018	-72.5524
4.4325	-73.1912
4.4632	-74.1696
4.4939	-75.2889
4.5245	-76.4388
4.5552	-77.4259
4.5859	-75.5926
4.6166	-75.499
4.6472	-75.8613
4.6779	-76.3524
4.7086	-76.8847
4.7393	-77.4135
4.7699	-77.9161
4.8006	-78.3754
4.8313	-78.7837
4.862	-79.1144
4.8926	-79.295
4.9233	-78.9212
4.954	-76.3753
4.9847	-74.9574
5.0153	-74.032
5.046	-73.9814
5.0767	-74.5696
5.1074	-75.5849
5.138	-77.4173
5.1687	-79.2497
5.1994	-80.7743
5.2301	-81.106
5.2607	-81.1187
5.2914	-80.9868
5.3221	-80.7138
5.3528	-80.1256
5.3834	-79.3932
5.4141	-78.9045
5.4448	-78.4829
5.4755	-78.0679
5.5061	-77.6319
5.5368	-77.1659
5.5675	-76.7178
5.5982	-76.3551
5.6288	-76.1616
5.6595	-76.2513
5.6902	-76.6398
5.7209	-77.1539
5.7515	-77.4816
5.7822	-77.2268
5.8129	-76.349
5.8436	-75.0217
5.8742	-73.8875
5.9049	-75.28
5.9356	-78.1056
5.9663	-81.2732
5.9969	-81.7303
6.0276	-81.7287
6.0583	-81.635
6.089	-81.5486
6.1196	-81.5292
6.1503	-81.6493
6.181	-82.0482
6.2117	-82.8188
6.2423	-83.6576
6.273	-83.559
6.3037	-81.7298
6.3344	-78.6717
6.365	-74.9067
6.3957	-74.1765
6.4264	-74.6111
6.4571	-76.8903
6.4877	-77.6908
6.5184	-78.1956
6.5491	-78.5738
6.5798	-78.7948
6.6104	-78.551
6.6411	-75.1226
6.6718	-73.2893
6.7025	-72.0492
6.7331	-72.2599
6.7638	-75.2989
6.7945	-75.6155
6.8252	-75.8105
6.8558	-75.9745
6.8865	-76.1315
6.9172	-76.2958
6.9479	-76.4843
6.9785	-76.7305
7.0092	-77.1334
7.0399	-77.8455
7.0706	-78.4887
7.1012	-78.8071
7.1319	-78.9843
7.1626	-79.0596
7.1933	-79.0172
7.2239	-78.747
7.2546	-77.8371
7.2853	-76.5586
7.316	-75.8668
7.3466	-75.3322
7.3773	-74.8498
7.408	-74.4313
7.4387	-74.1078
7.4693	-73.9335
7.5	-74.0365
7.5307	-74.6045
7.5613	-75.7689
7.592	-77.6013
7.6227	-80.4896
7.6534	-83.9787
7.684	-84.9209
7.7147	-84.5255
7.7454	-83.5308
7.7761	-83.2888
7.8067	-83.4957
7.8374	-83.8095
7.8681	-83.5903
7.8988	-81.05
7.9294	-79.406
7.9601	-77.7745
7.9908	-75.8551
8.0215	-74.0467
8.0521	-72.2399
8.0828	-71.2891
8.1135	-72.2414
8.1442	-73.7304
8.1748	-74.8801
8.2055	-76.1262
8.2362	-77.2451
8.2669	-78.5445
8.2975	-79.7087
8.3282	-79.3416
8.3589	-78.6164
8.3896	-76.7831
8.4202	-76.5677
8.4509	-76.7411
8.4816	-77.075
8.5123	-77.5014
8.5429	-77.9484
8.5736	-78.3434
8.6043	-78.4662
8.635	-76.6329
8.6656	-76.8814
8.6963	-77.3072
8.727	-77.7522
8.7577	-78.131
8.7883	-78.2143
8.819	-76.4103
8.8497	-75.2611
8.8804	-74.6498
8.911	-74.0806
8.9417	-73.597
8.9724	-73.3097
9.0031	-73.6042
9.0337	-74.8411
9.0644	-75.2249
9.0951	-75.067
9.1258	-74.806
9.1564	-74.5764
9.1871	-74.456
9.2178	-74.4667
9.2485	-74.6011
9.2791	-74.8924
9.3098	-77.1615
9.3405	-79.4352
9.3712	-80.0098
9.4018	-79.6695
9.4325	-78.8383
9.4632	-78.1128
9.4939	-77.8798
9.5245	-77.8465
9.5552	-77.8712
9.5859	-77.9077
9.6166	-77.9339
9.6472	-77.9334
9.6779	-77.8918
9.7086	-77.8182
9.7393	-77.7393
9.7699	-77.6935
9.8006	-77.7639
9.8313	-78.3431
9.862	-80.0282
9.8926	-80.3787
10	-80.3309